(39, 22) -> (43, 23)
(39, 22), (40, 22), (41, 22), (42, 22), (43, 22),
(43, 23) -> (47, 24)
(43, 23), (44, 23), (45, 23), (46, 23), (47, 23),
(47, 24) -> (51, 24)
(47, 24), (48, 24), (49, 24), (50, 24),
(51, 24) -> (55, 25)
(51, 24), (52, 24), (53, 24), (54, 24), (55, 24),
(55, 25) -> (54, 29)
(54, 25), (55, 25), (55, 26), (55, 27), (55, 28),
(54, 29) -> (57, 32)
(54, 29), (55, 29), (56, 29), (57, 29), (57, 30), (57, 31),
(57, 32) -> (60, 35)
(57, 32), (58, 32), (59, 32), (60, 32), (60, 33), (60, 34),
(60, 35) -> (60, 39)
(60, 35), (60, 36), (60, 37), (60, 38),
(60, 39) -> (56, 41)
(56, 39), (57, 39), (58, 39), (59, 39), (60, 39), (60, 40),
(56, 41) -> (53, 44)
(53, 41), (54, 41), (55, 41), (56, 41), (56, 42), (56, 43),
(53, 44) -> (50, 47)
(50, 44), (51, 44), (52, 44), (53, 44), (53, 45), (53, 46),
(50, 47) -> (50, 51)
(50, 47), (50, 48), (50, 49), (50, 50),
(50, 51) -> (52, 55)
(50, 51), (51, 51), (52, 51), (52, 52), (52, 53), (52, 54),
(52, 55) -> (52, 59)
(52, 55), (52, 56), (52, 57), (52, 58),
(52, 59) -> (50, 63)
(50, 59), (51, 59), (52, 59), (52, 60), (52, 61), (52, 62),
(50, 63) -> (47, 66)
(47, 63), (48, 63), (49, 63), (50, 63), (50, 64), (50, 65),
(47, 66) -> (43, 68)
(43, 66), (44, 66), (45, 66), (46, 66), (47, 66), (47, 67),
(43, 68) -> (41, 72)
(41, 68), (42, 68), (43, 68), (43, 69), (43, 70), (43, 71),
(41, 72) -> (38, 75)
(38, 72), (39, 72), (40, 72), (41, 72), (41, 73), (41, 74),
(38, 75) -> (35, 78)
(35, 75), (36, 75), (37, 75), (38, 75), (38, 76), (38, 77),
(35, 78) -> (35, 82)
(35, 78), (35, 79), (35, 80), (35, 81),
(35, 82) -> (34, 86)
(34, 82), (35, 82), (35, 83), (35, 84), (35, 85),
(34, 86) -> (35, 90)
(34, 86), (35, 86), (35, 87), (35, 88), (35, 89),
(35, 90) -> (34, 94)
(34, 90), (35, 90), (35, 91), (35, 92), (35, 93),
(34, 94) -> (37, 97)
(34, 94), (35, 94), (36, 94), (37, 94), (37, 95), (37, 96),
(37, 97) -> (40, 100)
(37, 97), (38, 97), (39, 97), (40, 97), (40, 98), (40, 99),
(40, 100) -> (44, 100)
(40, 100), (41, 100), (42, 100), (43, 100),
(44, 100) -> (48, 102)
(44, 100), (45, 100), (46, 100), (47, 100), (48, 100), (48, 101),
(48, 102) -> (52, 101)
(48, 101), (49, 101), (50, 101), (51, 101), (52, 101),
(52, 101) -> (56, 103)
(52, 101), (53, 101), (54, 101), (55, 101), (56, 101), (56, 102),
(56, 103) -> (58, 107)
(56, 103), (57, 103), (58, 103), (58, 104), (58, 105), (58, 106),
(58, 107) -> (58, 111)
(58, 107), (58, 108), (58, 109), (58, 110),
(58, 111) -> (62, 113)
(58, 111), (59, 111), (60, 111), (61, 111), (62, 111), (62, 112),
(62, 113) -> (63, 117)
(62, 113), (63, 113), (63, 114), (63, 115), (63, 116),
(63, 117) -> (65, 121)
(63, 117), (64, 117), (65, 117), (65, 118), (65, 119), (65, 120),
(65, 121) -> (68, 124)
(65, 121), (66, 121), (67, 121), (68, 121), (68, 122), (68, 123),
(68, 124) -> (72, 124)
(68, 124), (69, 124), (70, 124), (71, 124),
(72, 124) -> (73, 128)
(72, 124), (73, 124), (73, 125), (73, 126), (73, 127),
(73, 128) -> (77, 129)
(73, 128), (74, 128), (75, 128), (76, 128), (77, 128),
(77, 129) -> (77, 133)
(77, 129), (77, 130), (77, 131), (77, 132),
(77, 133) -> (81, 135)
(77, 133), (78, 133), (79, 133), (80, 133), (81, 133), (81, 134),
(81, 135) -> (81, 139)
(81, 135), (81, 136), (81, 137), (81, 138),
(81, 139) -> (84, 142)
(81, 139), (82, 139), (83, 139), (84, 139), (84, 140), (84, 141),
(84, 142) -> (84, 146)
(84, 142), (84, 143), (84, 144), (84, 145),
(84, 146) -> (85, 150)
(84, 146), (85, 146), (85, 147), (85, 148), (85, 149),
